59.10
223.38
203.226
203.236
211.179
211.234
121.190
223.33
223.62
121.163
123.228
115.161
121.19
122.202
122.32
223.32
223.39
223.57
175.223
110.70
119.71
211.246
39.7
175.252
119.194
175.253
210.125
175.202
118.235
61.33
117.111
61.43
211.60
114.200
211.36
106.102
125.188
114.200
114.2
14.41
211.226
122.190
106.101
220.70
220.71
220.72
220.73
220.74
220.75
220.76
220.77
220.78
220.79
220.80
220.81
220.82
220.83
220.84
220.85
220.86
220.87
220.88
220.89
220.90
220.91
220.92
220.93
220.94
220.95
221.138
221.139
221.140
221.141
221.142
221.143
221.144
221.145
221.146
221.147
221.148
221.149
221.150
221.151
221.152
221.153
221.154
221.155
221.156
221.157
221.158
221.159
221.160
221.161
221.162
221.163
221.164
221.165
221.166
221.167
221.168
222.100
222.101
222.102
222.103
222.104
222.105
222.106
222.107
222.108
222.109
222.110
222.111
222.112
222.113
222.114
222.115
222.116
222.117
222.118
222.119
222.120
222.121
222.122
222.232
222.233
222.234
222.235
222.236
222.237
222.238
222.239
222.96
222.97
222.98
222.99
27.232
27.233
27.234
27.235
27.236
27.237
27.238
27.239
39.112
39.113
39.114
39.115
39.116
39.117
39.118
39.119
39.120
39.121
39.122
39.123
39.124
39.125
39.126
39.127
39.16
39.17
39.18
39.19
39.20
39.21
39.22
39.23
39.24
39.25
39.26
39.27
39.28
39.29
39.30
39.31
49.160
49.161
49.162
49.163
49.164
49.165
49.166
49.167
49.168
49.169
49.170
49.171
49.172
49.173
49.174
49.175
58.120
58.121
58.122
58.123
58.124
58.125
58.126
58.127
58.148
58.149
58.150
58.151
58.180
58.181
58.184
58.224
58.225
58.226
58.227
58.228
58.229
58.230
58.231
58.232
58.233
58.234
58.235
58.236
58.237
58.238
58.239
58.29
58.72
58.73
58.74
58.75
58.76
58.77
58.78
58.79
59.0
59.1
59.11
59.12
59.13
59.14
59.15
59.16
59.17
59.18
59.19
59.2
59.20
59.21
59.22
59.23
59.24
59.25
59.26
59.27
59.28
59.29
59.3
59.30
59.31
59.4
59.5
59.6
59.7
59.8
59.9
60.196
60.197
61.103
61.105
61.108
61.253
61.255
61.32
61.34
61.35
61.36
61.37
61.38
61.39
61.4
61.40
61.41
61.42
61.47
61.5
61.72
61.73
61.74
61.75
61.76
61.77
61.78
61.79
61.80
61.81
61.82
61.83
61.84
61.85
61.96
61.97
61.98
61.99
1.100
1.101
1.102
1.103
1.104
1.105
1.106
1.107
1.108
1.109
1.110
1.111
1.96
1.97
1.98
1.99
106.100
106.103
106.96
106.97
106.98
106.99
110.68
110.69
110.71
111.218
111.219
113.216
113.217
114.52
114.53
116.200
116.201
117.110
118.234
123.229
124.0
124.1
124.136
124.137
124.138
124.139
124.2
124.3
163.213
163.222
163.229
163.255
175.216
175.217
175.218
175.219
175.220
175.221
175.222
180.132
180.133
180.134
180.135
219.252
219.253
220.103
223.168
223.169
223.170
223.171
223.172
223.173
223.174
223.175
223.34
223.35
223.36
223.37
223.40
223.41
223.42
223.43
223.44
223.45
223.46
223.47
223.48
223.49
223.50
223.51
223.52
223.53
223.54
223.55
223.56
223.58
223.59
223.60
223.61
223.63
27.160
27.161
27.162
27.163
27.164
27.165
27.166
27.167
27.168
27.169
27.170
27.171
27.172
27.173
27.174
27.175
27.176
27.177
27.178
27.179
27.180
27.181
27.182
27.183
39.4
39.5
39.6
42.16
42.17
42.18
42.19
42.20
42.21
42.22
42.23
42.24
42.25
42.26
42.27
42.28
42.29
42.30
42.31
42.32
42.33
42.34
42.35
42.36
42.37
42.38
42.39
42.40
42.41
42.42
42.43
42.44
42.45
42.46
42.47
49.16
49.17
49.18
49.19
49.20
49.21
49.22
49.23
49.24
49.25
49.26
49.27
49.28
49.29
49.30
49.31
49.56
49.57
49.58
49.59
49.60
49.61
49.62
49.63
58.102
58.103
61.104
183.100
183.101
183.102
183.103
183.104
183.105
183.106
183.107
183.108
183.109
183.110
183.111
183.112
183.113
183.114
183.115
183.116
183.117
183.118
183.119
183.120
183.121
183.122
183.123
183.124
183.125
183.126
183.127
183.96
183.97
183.98
183.99
118.62
118.63
119.192
119.193
119.195
119.196
119.197
119.198
119.199
119.200
119.201
119.202
119.203
119.204
119.205
119.206
119.207
119.208
119.209
119.210
119.211
119.212
119.213
119.214
119.215
119.216
119.217
119.218
119.219
119.220
119.221
119.222
119.223
119.64
119.65
119.66
119.67
119.68
119.69
119.70
121.124
121.125
121.128
121.129
121.130
121.131
121.132
121.133
121.134
121.135
121.136
121.137
121.138
121.139
121.140
121.141
121.142
121.143
121.144
121.145
121.146
121.147
121.148
121.149
121.150
121.151
121.152
121.153
121.154
121.155
121.156
121.157
121.158
121.159
121.160
121.161
121.162
121.164
121.165
